0 1 2 0 0
0 1 2 0 1
0 1 2 0 2
0 1 2 0 3
0 1 2 0 4
0 1 2 0 5
0 1 2 1 0
0 1 2 1 1
0 1 2 1 2
0 1 2 1 3
0 1 2 1 4
0 1 2 1 5
0 1 2 2 0
0 1 2 2 1
0 1 2 2 2
0 1 2 2 3
0 1 2 2 4
0 1 2 2 5
0 1 2 3 0
0 1 2 3 1
0 1 2 3 2
0 1 2 3 3
0 1 2 3 4
0 1 2 3 5
0 1 2 4 0
0 1 2 4 1
0 1 2 4 2
0 1 2 4 3
0 1 2 4 4
0 1 2 4 5
0 1 2 5 0
0 1 2 5 1
0 1 2 5 2
0 1 2 5 3
0 1 2 5 4
0 1 2 5 5
0 1 0 3 3
0 1 1 3 3
0 1 2 3 3
0 1 3 3 3
0 1 4 3 3
0 1 5 3 3
0 1 6 3 3
0 1 7 3 3
0 1 8 3 3
0 1 9 3 3
0 1 10 3 3
0 1 11 3 3
0 1 12 3 3
0 1 13 3 3
0 1 14 3 3
0 1 15 3 3
0 1 16 3 3
0 1 17 3 3
0 1 18 3 3
0 1 19 3 3
0 1 20 3 3
0 1 21 3 3
0 1 22 3 3
0 1 23 3 3
0 1 24 3 3
0 1 25 3 3
0 1 26 3 3
0 1 27 3 3
0 1 28 3 3
0 1 29 3 3
0 1 30 3 3
0 1 31 3 3
0 1 32 3 3
0 1 33 3 3
0 1 34 3 3
0 1 35 3 3
0 1 36 3 3
0 1 37 3 3
0 1 38 3 3
0 1 39 3 3
0 1 40 3 3
0 1 41 3 3
0 1 42 3 3
0 1 43 3 3
0 1 44 3 3
0 1 45 3 3
0 1 46 3 3
0 1 47 3 3
0 1 48 3 3
0 1 49 3 3
0 1 50 3 3
0 1 51 3 3
0 1 52 3 3
0 1 53 3 3
0 1 54 3 3
0 1 55 3 3
0 1 56 3 3
0 1 57 3 3
0 1 58 3 3
0 1 59 3 3
0 1 60 3 3
0 1 61 3 3
0 1 62 3 3
0 1 63 3 3
0 1 64 3 3
0 1 65 3 3
0 1 66 3 3
0 1 67 3 3
0 1 68 3 3
0 1 69 3 3
0 1 70 3 3
0 1 71 3 3
0 1 72 3 3
0 1 73 3 3
0 1 74 3 3
0 1 75 3 3
0 1 76 3 3
0 1 77 3 3
0 1 78 3 3
0 1 79 3 3
0 1 80 3 3
0 1 81 3 3
0 1 82 3 3
0 1 83 3 3
0 1 84 3 3
0 1 85 3 3
0 1 86 3 3
0 1 87 3 3
0 1 88 3 3
0 1 89 3 3
0 1 90 3 3
0 1 91 3 3
0 1 92 3 3
0 1 93 3 3
0 1 94 3 3
0 1 95 3 3
0 1 96 3 3
0 1 97 3 3
0 1 98 3 3
0 1 99 3 3
0 1 100 0 0
0 1 100 1 0
0 1 100 2 0
0 1 100 3 0
0 1 100 4 0
0 1 100 5 0
0 100 2 0 0
0 100 2 0 1
0 100 2 0 2
0 100 2 0 3
0 100 2 0 4
0 100 2 0 5
0 100 100 3 3
1 100 100 3 3
2 100 100 3 3
4 5 6 3 3
35 33 99 0 0
66 20 95 4 1
64 83 1 0 2
19 60 36 5 2
37 67 17 4 4
37 48 80 3 3
54 7 64 5 1
87 13 5 5 0
83 3 45 4 0
16 6 61 5 4
32 35 44 5 2
90 33 67 2 3
8 67 90 5 4
94 25 100 4 2
73 59 50 0 2
65 65 8 2 1
51 49 76 0 0
66 7 68 0 4
72 72 100 4 3
81 24 9 4 1
87 99 18 3 3
32 64 89 3 3
42 40 66 3 3
18 9 11 4 5
30 3 100 2 0
77 85 42 0 2
1 11 73 2 4
36 9 38 2 4
52 62 77 2 5
66 42 86 3 5
50 98 39 4 3
85 29 74 5 1
52 88 16 5 2
81 58 97 2 2
74 38 11 3 2
38 20 36 4 3
30 59 99 3 0
84 26 96 0 2
89 81 46 5 4
45 30 54 1 5
71 18 60 0 0
67 47 86 3 1
78 75 64 2 2
50 94 13 1 2
97 64 27 5 2
81 46 8 3 2
59 29 33 3 0
16 63 74 1 0
32 63 16 5 1
60 17 74 0 2
72 66 67 0 1
73 31 82 1 4
33 47 19 2 2
56 87 51 3 2
65 25 65 2 0
34 90 43 2 3
27 82 50 2 3
33 72 63 0 1
23 10 41 5 3
44 76 42 4 5
1 70 56 4 5
8 4 70 3 2
52 8 66 4 5
92 30 31 1 2
72 73 63 5 2
53 2 79 2 3
69 3 46 3 4
35 5 17 2 3
68 80 82 1 0
49 7 67 4 0
31 12 30 2 5
71 5 84 4 3
51 20 22 1 4
41 73 62 5 1
2 51 6 2 1
33 58 70 5 1
85 99 13 3 3
18 83 19 2 4
36 53 36 0 0
81 68 0 1 2
42 52 24 2 5
83 10 18 4 5
8 71 45 4 1
65 36 16 1 0
13 88 7 5 4
37 89 93 2 1
63 14 57 2 3
61 95 40 4 0
24 44 61 1 5
53 30 45 3 5
86 59 13 2 4
95 43 48 5 3
91 3 62 1 5
52 61 56 5 2
81 52 98 0 2
89 47 54 1 0
43 50 24 2 4
48 9 88 2 5
48 63 13 2 0
3 18 15 0 0
